99999999999999497374896956991895092657415765382686273699709892211448118457485685984517147225740682713553898095657578105157478138093865899595783795449864133740055944167017039763
99999999999967734992278157611686439905264749138716093624370733962072574593377491894070586980793689423881854023268241397880732824917964044433524316314194982212897301605921228109
99999999999995919999179399114951023074052037286051439424554243214905945919652416004819335977546164570401138314552484479748076113983793558814796539399483039034379409119152444863
89999999999999999999999994599801430302245156820095167034438495962031343340722257106634247686769999917099694467588371378318975780950263842506773186943456487226922466068339641508
29999999999999599999993517166220482254851961790993897539279429252413692454596748939999999802999999995771599999957058795352965696657925382763236535257157764953942721607736995239
23599999999936799999995409271667909515015756235876167036628303571599140629322695799999999999999999999999999999997731469997326315770058062163939023764069955505956131129949615944
79999999999927386499980327067872834722686143419905433181790653700275057599999999999999999999999999999999999999999999999999862103660677803971270787734534756288527270795986260546
54499999954678583357124226936764043360358087624391462499750515654856189259999999999999999999999999999999999999999999999999971347998614742930130793619829958556216090224390816590
51999999923483811985898205123348513726864574549094943742943299614399996999999999999999999992988999994888299999999999999999999497159677931812904917296492757269181939781079660460
59999999947070254947239299608878866501919488726946242743532885999999999999999999996581299999756319999269379999949999999999999999999999238684384352175201963756049904971418205013
99999998158681791155998264219178603566371634748550882728602155246999999999999189999911403913498921578163142969605760999999999999999999575002444402310004095484228012004301254383
99999992739995499934701536757161536588892994937593499380191811747999999999883936487644519674063332191821932799615675999992999999999999973599917363674035217680344113682266912973
99999999999999999565060976853460220215779908803472014945979999999999994999938445818032817466300944042887434941499595599977257499999999999975243960297765243428919104999198994682
99999999999999994779461706616552694638149249199207201863989999999999949770076016798050387063756074737247376401354506570592410499999999999999999940708034924137064186059190668224
99999996819999996201919263419688024754119247704658202032419999999999991899292841284214220236839028016590814911059472193941543999999999999999999951754971033490990091162951685845
99999994114166195739611679026521433727441955581762132496999999999995842842122286004088922741552457806754648987648373697274247149877472999999999924564266326587609450205158735196
99999992436249307936607528241232341062781703709356502999999999999677376030701793949286611568786548383450978150688396863057263933884153299999999962044699833187889315777671530510
99999923123917951092451265541530580406348795536899999999999999997413483428113676989517804968889906989433921847814879192530556075875225699999999993991856451694679231374358864258
99999949057036816994552835806177663071512367027563922999999999696303531020481392255061786283999231339530465108124857496951025871996749999999999999999999900754952336880961580509
99999926849678680185106497234452131348655558116617284999994283296224064333620682363695000821690004286039611971676097084385961325737577999281999999999999996113229577853199794769
99999979994899978580493709863452376966298936894346999999987439470560615785763804788630299953990745774885860931523146571654167408573090369615579999999999993018679152246464553579
99999949999993707906907588215214352669424080927914999999999191900833667938100213957999999999999999996259946969998086057147403049215421091139858999999999953483069275010392436563
99999999999999838505812407253980076821904471405442699999323734541801517058571629999999999999999999999284572747494527409132908581525015844442713999999999693473411092721688638186
99999999999999371712101074969164881300112055025777799999384838529300240504539999999891463819849899999999915727657296100135738320582227012615799999999999859817499256857477887456
99999917899997209002437559929890271254622939713339999999968108608533275009999988813846262225667663939999999943633483750838027006057946477749199999999999999954222582457767461589
99999991197027236938872893261303222083613988100699999999916239482670623149999197469203016675406242793999999992317710710941391628350403395265751981739999999499999833083412937692
99999915806457937999305225163731818520122335612999999999121245938945122999982923671607263562136293484559299999792101773720158186743568801819416933552999999999999963011971773498
99999999741275862199240777649390744404087330124391999999247396956470505999995362867888884130263971958835399899999823870181885415628468344414016371561699999999999944101882761800
99999965258097993340769141017605504822002233183124999999976570560536139999717066888999999999278961400977574849999721104184304610826684836300909593320599999999999552441873541621
99999916992929995191716955736421253848046465014399999999253485701320619992467598888868000199992731049734525999999919050827363091953545778665711892799999999999996622549372900370
99999918999999426675179092010977591891166685838639999999623715869919249991825388888888886219999681417378164293799999145366537905237961489563927419899999999999967970772179000851
99999999999999999562929322057769386930442625853094729999936837504548309998890088888888884157199999473755918946799999518218515817194468304072352567573491899999999999865961235888
99999999999999981909834842671390037382962224902123599999994197728297283999492648888888888276829993900870111536999999127935851601051390148345985092258947439999998099999962765573
99999999279995691494222609641674998087400284319137999999344465545050725499930594888888888334019993314463437642461999895308822059308811469802114803567578779999999899999941814187
99999999974092374829980088197567211956950037408493999999999116754434972999998020673888886143769999110844550639970999995582028788579068070493967016397137651999999999999996199115
99999999926747569419636173255289557812956718895109173239999989114586285532999999999998828621149995848206528792699999997282470783282734969769570423199597246799999999999994327102
99999999999112637298548242519380896836524004772237942899999955567911269384276688888421976157899997768387754226499999945985101600652002750325430658243383299999999999999948009754
49999999995195026998332633140611613267615234841286163899999999957865264312910435877405718651999949189642026119943399991919470452016237401174678503700732999999999999999207125121
79999999995299913993225424788584416297477515569569716162219999946182539027998609890133756499999942883217281156245999999403860322792475111971178753234421499999999999914470253168
33739999999259999999654885487867181274659867717172319351189999999997807207863542567090445999999730377378180859999999999126200079088582925540452754971027399648999999996480631727
71819999999999999999831770393274397906034890953611037869779999999990599692626377335692999999920468750497224584938999946153555671339269954615738009520830280136029999999998246896
44501999999999999992734379638210853937000316901701746988903815499999999424999999599999999992408338230138432099980999961722188398857030655847667857358935183197931999999999935431
56699999999999724711354411331318853463452172403072380749152617199999999999999999999999961754829893453205048454889999999401725435069073568023627384997499753553570699999999999824
08999999999999998751537222810593488016842407590118098536851617361605899989999999999549613970348708749826361649999999999794915581981147679357249707897797010142621599999999999993
01999999999999994352025149124287825630774094595186315220337677358563677611299227112729477193624464525763125121999999993802029547703610484227596517816394119819292099999999999994
42699999999999999391004799399001039125088553815761788461095618363591664962306011834647630515152037355590911978999999501987738485845511031995530771377146862999999999999999999987
35981969999999999998999999999139753191789588876640724650158239281240645011228487412980000082628560261746179999999999986960794903998774256120406541767717093999999999999999999038
14291791799999999999499999999141459218430979621570191505454613842427220930414858441044467363736057278419499999999999421279400611247631498856171762562769772799999999999994998807
49299999180989999999999999990789273949199439169965471936315539917181177300819991424703189116642183304924939999999999127487647289196467677879029823364749429997239999999973542925
41161492844819999999999965104186076329276268398749099014652706285068095104995497142435164201776081744615199999999997410907645309165278280406604651706433469405871999999979843733
71748931396809999999999999323031434932983506780590834523224884470641700251996307774156315821708848629999999999954300340721222930707232017764261399466092627156626999999656999110
63329511371259999999999999551527424998822079221452454981515266394361836159946585647560081373306985999999999999931887833213819739024407981952061399821969132799924999999343891111
61689104001869999999999999999318999999952219981160369481441583573803304998413116472345852931420299571999999999999930222972838484126137710210764814591096295715499999999654999999
18759675181769999999999999999999999999936792352476578642389385555624671325056743618117715719748927776999999999940428629447741774704218679410766936411827557994199999999999999999
56443424845232499999999999999999999999982556089277531023195529154658303039882170798470642399999992699999999991022918761505780398487920819639135506131079236599999999999999999999
78669878027918633691159859999999999999999452189999998681892563731673422956163197741474179430999999999999960616727300108192577658092161961882732451873659279999999999999999999999
41049403596676783999439901999999999999999998199999995898792719067646605228668024999899918203299999999999772769457683855207351299677333771026453966863370892999999999999999999999
87721893575326688423533427799999999999999999999999958025949999988499949949987214269999999999999999999999896847272136404269424447103916168051371250213456124999999999999999999991
86361746687674055033075111299999999983999999999999994111133899992333685899999725599999999999999999999993622441647982711511116412577683710763274616592892799974899999999999994597
96110489839565809351475238299999999993749999999999999999999999999618842999999999999999999999999922343932626949292521608952901722267644973979137339255969891157365999999998079513
38969783349694304699137229219999999699920199999999999999999999999999999999999999999999999999992317374514766147542072520534554313167674718496346028219677334199238679999999977186
36851821099147390589999921562934999720061999999999999999999999999999999999999999999949999999999997177446233502843874952412051257617746956364535882229303283374070591899999999624
25045304232181598112512159639492499984712799999999993589999999999999999999999999999953729999995171494516948942508408292630429325384225848775595762192722238315216845799999999931
18811270020941007980788610395919029583435479999999989959189999999999987199999999992241577305515458206497149811448357958066642644402466022228565076055921723442664395646999999911
22733512856113239452583563946467187717172081999995928989349999999998980292999999999921125130335781780347527383200642970561378688670264924726849600671404998893231899998999999992
42459879432474593682736182712675044799993360397597993244813999999942707980304989349962317188464435709786822250222793274442213414987022808148471826166979999999109299999999999998
00262281504531937537764688764133965656166133905631999936577831442899437827374773839527221230475938721408942824435631509095868165373291138069868458053099999999926799999999999999
37617626887672038358588252990905913867314377517353872977131561812227752722228640690125466263720136997883475289748072975684797516158256222115867753625449999999299999999999999999
44623853853869970324638787745040023378496784312786065291774516851584364294857607372515076901918520450033723397909158551372706540328665668520003495671359999999999999599999999999
80900394283117682943108685283911297829550173671376003473907603871555440654862854649699758048988249608091183962739135779113842073373223673018086508799994569999992962999999999999
25969726499071535713336393751559510165604027704835326716876404444403742667685909113937223531818305052677241584670330802228440077146896745721183422994499519999883997399999999999
41366567619781470859432713571944676858998280222605508823234933828939434264358450001157807668464667607541951734555291552225734235824877601279999119192279308749997156299999999999