6513632373464399214763115851993965623121111525378512461824341874648651145279919449381697862498141598642618758826631517965737675392936299613681587139451729937962577889532943881257548939875465699179371257
9162323124613436568638187292614888161111111112322448592111111111149494528548588722549518244611236311111133335754963456598129834142111111111116577327364111111111234857471779896372566669523721111111111857
8537111111111193499751111111838572311116662311395569841112111111111845154111111525626226765487175119621112728161111118966614644111124821244522599724911175416511113996111118115511111376834111194415118352
3111111111111113237381115786112951111585632915278899431111151785511115268121111188117915942567345139849182231911276511677321771182248858322887985127111217212221186111164726223173911173593115789691458693
8311181858966211124379119735453696721157126543792431875983114449381188384121568118542741132225166187862618257514135817992687411949925128411115676111444866866191161116556852613811112236374211432636515188
6811765881758529115994851118768166935111277918423278832261371112681172751111189424242775637187215112742652553859177318848993615955531111741586625219727744111411219111263662682111488956985743116174827753
3511178123711112331432626828991881614928172498921233592479359545871121165311161973912813456111777511431843359173598412412342711111111562811112824413421111119114179711111111189211248426754396592133653913
1221111111111111128686448898969215184569398993195111111111726875411433425611115475972174986137162642116221374431637511139711211111931111112111716915151111771113649194899159441152832881111711154413448523
7152111111591841327164664861111111174664673394111111111111118233715164115231211676611384251111932339118793279111127151552156213556149141174617581513262885481259333414167531111111934592271111291113244747
6665976491435584976898634311222222117967882311111138962377116195862141111111111111113276341168355646869286921122171592111285671511191711337898193359615111926945274239191118973411291611911315875511323714
7662673614961651111996373112111111111166444111137843569124634478951111112212262311945415487211751456366924111222122553234746231111117711347124652572411171159959898799111978548463921641147899475176167162
8488411813217111111117254712182556814132231111929186365893291914611111912215159958937111769814994467666511111232145759663111611122111812811163747631919898515751312711634267893769953611151247235761185826
2998347329794119731951159611111474161173399111941843811111599819111845912217884731611121754415925274111111581232126559846211112222116718663518144643816722355327112191684471488875547812655912145211116521
3884111115478711888199286678111132947139621611111111118147616937116285712119955281112221793294211111111545511222111111111111112332128111848361142631211252696897118665111177633422315219115111693835117922
2541111111131544651214384779561111121821393361288966684396831429117313111113133111222321898211111154274174112111111111111973712322197119651172691712211111137738114974442493485754771119288119456466169891
3671143791118979375816136656434814795312663353392841111111534941199561111981111122233321691111472865818721111119164185988251112221191611115382822728462641111111181727847956839479226915655611386261665784
5511192642311375642752331112751181851684479525138111111111111678138891119911112223333221111221111111171111115722311117599511222211458531346338611171647146978272987865854534111639568117373761117111598989
8911866644827191266671111211116356311111111135831111628961121816157811499811222322222211111111111122111221226513111599761112232118454669571921112178331348925895753421961114661111639881125759611172254349
2711281674734911723961121111118377112111112119511215739897111875421643228112222221111111576646579111111121111119418617111112332185991216854111222141611111111198734953112612934711129491384599439356946891
5711191528342712314993121582111853121178611216661111132256711186875838111122211111456938846111183122566111112111129579173612222111111111111122222162811228511113758921533968691111792886359638676651482584
8391154881115694257196111774712858121283251218926111188264339619428711122211115227512423177244424971555771511112111118711111111111112211111223221153211438851311163987239196283851517548549613227252991669
9531118111844436996465111128971735111175261119941761111663872236321112221111697356724111111111111111159641323411122111111111425177411116981232211528421499977791152849913113862189564943152899111111117573
5348111113718833819775924111676517412153588185192875661111257128211222111185482381111176839945111611111119932599112222177664549689772839111232115675141123829991145187137923111153746315178341141724491452
9258241478158511111118966364111658211118474394493292564924791621112221165423147112488377172974954536374611117872711122118639681111134713112222156567397339176671581219541111111784971376275617112763541531
1654825173498111111111156979282232996411119159811111111117178411222211894835461688462769499111199681572216115879165112211138781356235411122211159946343249835611765731111795395243445787927811133755111112
2316748842181111746881181692631493211331294815111111111113699512222113642491317452411611111113649593911111132919714711221111572528111112221111762334639847454811145631161357381924347588653817457947872937
2831887178661116583155128694111111111571571421121952851214814112221188861334631334951111221154447211181319141726926911122211283686111222111886693921112225164964282249115611114835911111462771215345368836
9498281163344111399389218841111191111111132373121482981118151122211824296657611749771122221366968156637451111111119552112221452711191111143867432711991179191854479152411111739473113745119554395137688552
9187719848846111116983598379115726715111181264121181941142171223211384111482611395411223321189299588261896441152611988611221111887813115953378918411165811496468511239976377389611833548311482193891632819
9731171838955326211119154425111198242851112957112181511157911233214321111121921988612233322118898473411384611779572166771222211174724511379429277211444551178322466511111116853517664131113676373111111131
8456186292643184169442975762111114555766134272911113511733912233219367832163718382212233332211111111111815211912854625251123222111111111113266642931166924111411781165821112275213692151124553581121121149
3131194791119963419989114673136711111153881455621193611641212333214833239329388935411223333222222222221532311566257864149123332222222222211162683911819978114531119276545111196238438341152152411337221154
1281147991211414811111115616647811114789188744393694811846212333214461113537457858351122223333333222111111111696371174458123322222222211111679419164447753811753119148819211148322111782992663593628811727
2931189761213675411116254218671126924371119229541995681592812222211111111111957179846111122222222211161112214727952111362123321111111113544247655553815434116766681141198111435924328721324538879659415592
5561193411116581111987146612647271111111211111173657851837712211114595593511118939653964111221111115914812211942723411887123321836542186351153558366148585118761183427111111827764621111111494318923979483
6231196911194381118342378164491111222222222222111121217144912118694859266738111131995593761111457175621112221819859711559123321111322997211111111124111567125151299836349165919111111261211115211228952253
6363119111846776111692111423811222222111111122222111541126711115111168913431611111976793186471152111154912221154564811886123322193978927451913615111646111163118259658299666116119753321648115419724542346
5685311111967711111111157444112222111178728111122221114311116311111321412366232311119968417615631179324811111569117111842123332111156562925192118216531865179471111111112834711164524216981111534111175634
2561653188818555515175581641122221181119741727111122211112211111183848118758419377111112331513847464111111511193432118821123432221142985935488248811192477466111111922211121461924411431111216351139111294
3621372785112977446465221541223211667611111176593111122222215224648183112711177627771111111111111111111117211844851139977123433322116957781331511166259298866192991445191133361555371111959354911923141174
4964696241161411275119761911233211896161557865979658111122211767531314113537522974919451221111111111137544117412211331131123332222211618142881117675166283845175979182111833381317878649822179813514881117
3734627971833211354428976711223213258266747314558776456111111111543919712135812888512111211525343777882161119647112339211222222111111112873512352822311115225118836411199257126564629111111678768483911339
1654871111951111855516875451122211653841111111159428737883935947142414264946196891111121118398754425954111114321157724812232111193929359318253611111112111676511444214379623125622911115211119474174358599
4741761911611111813185486637112221145671122222111195983811628641152298454484111111221111117599533477942611197611167797112332122834125211111111186348122221117973113817185717498483711365331114485866253799
4126681611112117941155941414911222111893111122222111133681497544496743111111122222111682325825221597284691187515811392122332183639712111198861118847123322211132711145871111111152918728471173884829219281
9974918362111124421119731177381112211123958111122222111111111111111111122222222332156511972191111186964721971826191311123332189412625118955111779711123333222112926493111111111119711265117532921211147132
1816411899338837571764111985838911111111158454111112222222222222222221111111112232111111111111111111332911342925824112223432111522917122192114643611223333332211841721199593196114391116842212341114111736
1516451152329768241726611739267513451111111589913911111111222111111111447669611222222222221111254219111178325431871122333332221351379377641146142112222222333221175211816177121111939251111171111168331147
9745451183941281281137111184146855925512747589773952378111111176871342459614951123333222111777645811111111189218111122222222221454126219116345541122221112343322114411885386111167936581169984917435591921
5885932111424188121111112131111111355234943875448537295895835811111111842234993123322211117214781113386411651525112211111111111195511411187963811222211612333332217211672341159193923111114341445448711236
8716587119757611717911177711111111153782311111117739638347149486197711579468321122221113335477111619511178224611122115478513367672825183775837112222117712222223216641633412518611111111111347734727275328
7614665111681991143291841711371381111426211111111176613915837236198112797671111222111733663811716171116764928112211166997698153465563759187111122211148112111123211864656782637111118547651379553795227699
3911872111742935115353174115581211151244811339711434134311115672491174331111222111174972221115436118378174411122111548771311111173412885771112222113667211136123221616796593111111615896429566117674551591
4661129114838116118162367135546512163713951687141138161118135661119586111222211197381156897648411682418622111211174891373351111998799181111222211122846111726123321725771338411112635755173241989111141133
4827311155714115116115941789627611198953762179658197111378276611674811122221114335641196139143116681171921122113491511711111299741451111222221116375421118332123321218651911138111134293716129511191111187
1751595815232211113552411283629111756111111931922524114191271193761112222111666449434111118571719118479111221145836143146442373111111222221111181115531111811123321916182112137781111111191598115972171147
1698178731757611945779316371571111992111111199819431142921118152111222211159835859141712213151111618411122221926453465249111111122222221111824171955411181381123321933711122115487495486163455115547481154
3191374298588475286641912927595223211195111139752441125111615171122221115791876262947112115435679284112222221111111111111122222222211111453451119495111197491223321271112222216344524179935396121368661182
6815634245144191921216518195257819281228412129872249111958741611222211748999191228879121139628247211111111222222222222222222211111114654161671194991111156951233321111222333211315511111115969213261131127
5429511138131488817649232241812944331466212111441385427578921112221114312717162833111111219656111111446791222222222211111111112416155688311116512111117718511234322222222223221878111913921384278879111646
2431341727189172916337191111111855955766711146267713673412511222211633681196696986121115933611113358479111221111111112643113255962292293713762461111887411112234333222111123321188114964341145959518283492
1424241192145194711473163819531196756571711542472331641769112222114786115641112871111249261111133218111111111156313148932979111111111694578557111112729711122333322211145123322164119286838784631162716537
5337691122195119211178742615391162734235118717198611126211122221136621177145114711165267111123642111111112526344573144971111111111111115893111112324151112223322221117728123332162111414249613689213152479
3114721167111618561114283396511651613452962611123614142711222211927411875711815111946781111661131121112573348328778111217211139761612219261118935338111222333221111594136123432157111185917397796311114742
4351311565112411125111883811119414565153597811145589174112232113941117165118561182752811111873111111588959471413988111664991737768612112779961263441111112332211759975523123432135559121681584944915611842
4966117993411117362987111111369837161616319211581941171112322142851164211111111872249411113161121197841971311949711124296211747876111173334677852111113112322113519871195123432162953289352368525197241271
4762991635711125798288851133771721134911766811135241747122321139721329111393614831164111534111211162981128417151112657756146744911118939491588281114373112221183115931184123432165825341111116649187641242
7579332818474538382624694394649111118841148111466318295123321637111488114995119697143111717112212568714852115681176935644731111111338679125318111189271122211656118611183123332122681118698421178375135638
1918194475742335419978111666513111141171744211111167381123321626986819113379298411271114533122118813115171186111212683811111111159273598763311111643511222119313211381154123322145411321318921196645776662
5341932416552865861363356511129611718111596762992469191223321714962591119222542114611217441122131251194521746811922158335385791131134913311111199131112221113196211151161123321137115981633811422917782159
7111143113949599541186711761873321111142274765185162811233321331269592111789821183671219571222116771587651151414413611338487681119111111111152123611122211484382612111141223221344116891131119996448544865
9651391146283148822111147911253752436483566314213786921234321518111117711155111146171211671122173561165731659812972641254449911111111111816179441112222117982188111111371233211224518731163313665111111169
9151111127511344111551111114241419181275787125171454421234321876451118989111112533321117626122113274116131191911624495266371111831939447911192911122221152126811124915711232212449611532771598111413211791
8647265626316881157536812526136955486743111111311181391233321272155117837785851796512118611112218796511925143416431111111111131519151111172979111222111684912211986223212232114351221116518511664651111834
5919234131111615128169984473431131985936911158411278771223321493511114679611562115633111369111211263271111139219681111111627129144113446835711122221123761296711148597112322178263638723832113745521452624
1188257221159621138919167735777871166813449117541151871123321941111155911111111112891811171721121141981611925713956352685414179235476996931112222111311311546971119951122221124131113455611148821918421584
7548584611166111175668119281141251119418564311111151224123321169114328511841511455255781112439112115343673786115593848111111256125247471111222211121533569511111112411222211471111111179611123415889392463
7811121672111111393128612554176811195751437211191531391123322134111267415554756871152428111718111111118389127312421111113711125844355111122221117773813283117696379112222119981119932112511318718651438651
6512685779513376613226111991111111238181636549126321716122332116611124371683286549116282591111412122211113599692251751633296859131111122222111966941115176729654771122221111421163941111221111111192497848
7114195281536542818949815342598136456152111123111117647112222211461127923537116285111786665411111123222211111452397263122691111111222222111118615881711692714841111222211149165188993341782691439964111581
2188664753962347136378118986587543811726682986683481111111122221615161573358511496211199936563111122222222221111111111111111222222222111145485814468411868295991122221118853155111164781124261122611861498
7111914711337731145111113238875819111992816352322514114467112221125122494147111142441111944181686111111122222222222222222222222111111127812638111148711149221111222111852614842119914361197219945911641125
4766424181191664111116943833467516861119246161321111179648611222111882114888121111936191112641171338554111111111112221112111111149667497244311111578211358711122222113777452111118921111157521268128321137
7571571191514455811113281184789541579111111111111181271519921122221151111128377111111551114915711119791465645348811111611117498377443281411111111455119451112222211113151111111551738811287238341883561184
3751811781982141363679861681959113781262129155868332269565812112222111122111836911111111117718389811111111111251474463454111111197675811112111659761934111222221115337111869118615842861855461967296391945
8382181166944131115831171152331145553376111219955212394113337811122222222221111789246111114432674111194281221585711111111111518686611112211199646671111122222111133211861681198189193515571611181368311375
9563536112714517527874262111119124831382711545353111114711924391111222333322221111794156142561511111111111111326133781111589732511112211117824941111122222211177216168826368514857478511222524134621128667
9941193511125272763277318652337623811111111173531815791111247947341112222333322221111144291463724411111111972733849338547361111112222214498111111222222221119764511495932753314989111111135365111111692418
3446111281689281131111111541241866179636811151975614887971643414886211112234333322222111111177464686185172989925191311111111222222333211111112222232211111432525711111169336874111112967547988464738473214
2759211951168356511137464119672526551686537157486425896417389276638347911234444333332222222111111111111111111111111112222222233333343222222222333332114954419831651181239859211116487695224619994511111748
9722271327397579571163265187118564863529219329891341122612771816641139521233333333333333332222222222222222222222222222333333333333333333333333333332165621139875885691373119671119768541119242788113931843
1165241156127661748111139441119464511111111111111111111111111111111111111222222222222222222222222222222222222222222222222222222222222222222222222222111111111111111111111187525111111113395322593115891161
4974411114135938176198111119755646862552211111111111111111111111111111111111111111111111111111111111111111111111111111111111111111111111111111111111111111111111111116111648179224389527476446361163486323
2711771616189533116726373341348115132154442419518715556182467996299566713115997153139431894752275262411754432138426751933854978773646353287338373576578685316476114568975124751376321111111113441167541134
4456115863811923196112491119336366222711171319381111111171681711112584618272231111671779218511111864637294655333768664571111151358614876111838942683599111111119973911111111186326711496172411791198817312
6739188921911111181334421115398836897439119367113923111111411142211111775711111111111563551167429111186181399117396213111111111188624111111111159833611111146711594391113971112144111187348461815112775165
8156166347385111151498266251115273232149641631175715231124115253491196574125336714121256511629787419467915848896115481189659438115211192353957111976211125559115173377928467113585116458162111596383961985
2625114794186148938589112724111491118686911961325327111228121981111623559899447111111718712536311166775161624315113351132618687575711754194161132671119353739774488856479662515795611111919494599456751521
8253193371557239991153964111137941113667111682311899191725571111594643453263111111374941516933386578153668117512211648116362254594971784816223371126114471511112182853863963216412181153519928883968183842
5741636971716692796911154192419822611191134741152713333231912478269889868188318432586376378255694511111194331172125641111396779151375683211821246793698511132412974566244531391714338128811911141111113773
3711731139911968997746911128781247527752956377419628741795691899857636361984962866331674252184534111129711481579372546917253921146711284421111174466284911647812911472435672112425934119527287571197511547
9781188435524133131539891818126111111126115554197911111111169611142111111418484176645151111111122141347741658586151317929225125149478411739641111114567118384566643114113118732824164911982517342297811991
1631966525532152618369111427454956282216111116153777588894911424112462521115411112662577184611626312591914174213316122435436291125283128199464667117743111273641975111111165924118829381314611151744311751
1841112979551381371149115935784571372581241182597653683193118983771174931114785353119199571117914599436227521441253663716638665114585136746327111112489511179114285381111178818911185211431678118915112379
9498111111115836177111115213419411111111118783654981111111819719856311111159416622468111111979363514395441271483111111111352213411111155983993313483685643111119475577892476456991911743973716611111198373