5668308126
26874072225
36255452291
37884313859
43796081599
54304434472
59347497296
65607519084
71513669440
80866413096
100307144678
205505059836
311674117594
444301889569
473925542086
495882224429
505782920371
700882694428
798579473991
824951681685
989966211254
1245085622454
1358234716008
1379161759436
1521187965454
1544245880495
1624261181268
1760665756304
1854334665158
2238006777401
2266259937600
2539706698007
2555424738893
2573094073297
2615024555887
2890223959723
3085497810902
3087078412579
3112116819510
3245544782214
3472264847446
3638262997732
3798404171013
3858808240331
3962220066474
4079777474837
4128856119106
4183268252540
4362486584911
4380953540298
4404116256592
4581465283391
4656519938772
4804554889779
4972460431373
4985399104471
5061508136919
5066054853169
5084685777737
5154821355186
5360461748834
5393059030213
5577161586059
5657540149438
5765291808446
5767916375602
5850497326268
5947748334213
6062588166341
6112529426296
6192057207097
6266108950406
6587144572754
6628613913566
6677148232888
7204481942611
7317624484122
7351138182711
7432333025188
7524082926493
7577722833578
7704808572625
7744186825089
7977884295862
8148727298208
8247513479459
8247568962830
8344721330119
8476373675300
8603434344080
8720387793986
8808527664019
8862318451085
8977973141228
9194238536247
9429109479725
9430232554759
9537559646256
9950317411760
9970299190463